92200
92400
76200
77500
92000
77405
81800
86606
86605
86704
86707
88500
88601
86700
86706
86703
86701
86604
86702
86600
86403
93601
93603
117100
117000
116900
115400
116800
116701
116700
138400
150300
137300
141700
139900
142100
142200
144500
147300
143800
150900
71600
139400
142700
147700
139500
148901
148900
139501
139600
149800
139700
149901
65600
131400
119800
119900
129100
118600
118201
120000
118200
120001
119901
123000
118400
119801
123100
119703
130200
130100
130000
130300
120303
130400
26102
25502
26100
25500
26000
25900
25601
25602
25800
25600
6200
6300
25400
26200
25702
25700
25603
25303
3902
3801
26201
6700
3800
4200
25302
6601
4100
56700
25301
200
3901
3900
6501
6600
4000
56300
300
58600
59203
58900
58700
59201
58901
59000
59101
59100
59500
59204
59001
58400
58500
59300
59301
58801
58800
56102
59002
58402
58401
58403
55900
56000
56103
56201
65903
6500
9503
9502
9500
56100
56101
56203
65902
100
900
26500
59400
57500
57501
301
57600
25304
20901
20701
25703
57800
57802
57901
57902
20500
25701
57801
66201
66202
66200
21200
58502
66100
21800
9900
9402
9400
6401
9404
10003
9301
9501
10002
9300
9303
6201
21401
26101
56600
56200
65901
400
4402
42500
42700
60900
4400
4800
603
600
61103
601
44502
602
61100
61102
56800
44501
44500
56904
706
44400
56900
56903
62902
701
707
11903
61400
57003
57005
62403
62900
62904
705
704
708
700
11902
42600
57001
57002
57000
62404
62405
62901
62903
709
62800
1100
42000
61202
57006
62402
62400
62500
61800
1300
41700
63200
41600
63300
63400
63600
1800
22400
401
604
62103
62101
62300
62102
62201
2102
1900
64201
2001
64200
67101
67100
63901
703
800
58501
66005
66000
67200
1000
2000
1001
1002
67300
55802
67201
67400
55800
67302
66904
62202
1200
1400
1401
1402
47500
47601
55502
47600
1403
1500
55500
55501
54501
1502
1600
54102
1501
54100
54700
1601
54101
54702
54701
54600
54400
3101
3000
2900
3102
3100
67500
67600
67703
67700
67800
2500
2601
67701
2700
67702
2800
2600
55600
55700
54300
129900
68400
68300
65402
65400
9302
9200
10001
9403
9701
148100
26501
22402
22401
22403
20800
20900
26502
20700
21600
21601
20600
37900
20702
37901
112000
130700
131500
137600
131000
133800
137800
137700
137906
137801
140700
137902
137905
137904
123500
125305
127103
123503
125302
125306
125300
134600
133600
138200
133900
134602
133700
133802
138301
125800
123602
123603
123903
136701
123900
123904
124700
124704
133000
128903
124703
127205
129002
129000
124200
124400
129800
126900
126903
12502
12500
45500
15802
16003
15801
15900
16002
15800
16001
123901
15901
15500
6800
5000
12700
23400
18201
18102
12402
15501
15502
123802
5300
6900
23600
23500
22801
7000
22800
7100
24300
18301
136200
136100
18200
18101
5501
5601
5600
23700
22600
22700
23300
22500
24301
18300
18400
12401
5700
5900
7901
5801
5800
9000
5802
9001
23800
9002
8401
23900
8100
24200
23000
22701
25000
24400
6000
8900
8500
64901
64900
7801
7700
7600
8702
9600
9700
9100
9601
64800
24100
24005
24001
24003
23001
25101
24901
24700
18500
21100
6202
24004
24000
23101
23002
24800
24801
133300
133100
132200
132300
134900
136500
134102
134101
132806
133701
134000
134100
147500
64702
143200
135900
135200
135800
136400
64803
8001
8200
8201
8003
8002
7802
65201
148300
8400
8000
9902
10000
6400
127102
127100
127105
127101
127104
129001
124702
128104
128902
128103
128106
12504
12501
127901
128000
128001
15400
15401
16201
12603
12602
12800
14801
14803
14800
12000
12001
14703
53601
45700
50800
46500
50700
46300
14500
10100
50200
50400
50202
50401
49302
49303
49300
49400
50901
50900
10504
50902
49800
47700
10200
34900
10400
10401
49301
10301
10501
10601
10600
50903
10700
51201
51200
49902
51001
51100
49901
49900
53200
51301
51300
11001
51000
51101
50000
51500
53700
10302
27600
27500
37000
35102
27400
37101
35001
28302
28300
27200
31200
35800
37100
35000
28301
26800
29300
27100
36100
10500
35400
29100
29200
26900
10702
34800
35200
14100
13901
28800
29000
11000
35500
35300
14300
14200
14101
13902
13900
13801
13700
18100
10800
48000
53800
54000
50100
48201
53801
47400
51401
10901
10801
11100
11101
47300
43000
11400
52401
53100
10701
44000
11500
52501
52500
11301
11501
11401
11502
52600
52000
11300
52800
52700
52100
48800
48700
51600
11600
52801
52201
52202
48900
51705
52303
52200
52203
49000
55000
55200
10900
20000
19900
43400
43401
11203
11202
44001
43102
43101
51700
51701
51706
52304
52306
49100
51703
51704
52301
52305
54500
51803
52302
52300
49201
47603
49202
49203
47604
54502
52901
52900
53000
11802
11900
51800
51802
11700
11801
11803
11702
11800
11701
47701
47200
15210
15209
15208
15207
15206
12400
13601
15203
15201
15803
12900
16701
16700
17700
13000
46400
13100
13200
15204
13701
17500
17200
16501
16500
15205
13800
14000
17801
17800
17701
16602
18000
16703
16601
16600
16702
16200
12801
12802
16203
16202
17900
14400
14802
14900
128307
128700
128600
15600
16100
13600
18401
26901
29401
29501
21101
29700
29701
30600
29600
32100
29500
29400
27000
31600
31900
32000
31800
31700
29900
30901
30900
18701
18600
18800
24902
18700
24600
19000
30800
30902
29901
33900
30100
31400
18900
21500
22000
21501
25503
31000
20400
21000
21400
25501
31100
21001
30300
23200
29800
23100
33200
25202
33300
25201
24802
33700
30000
31500
32300
34200
30200
19100
22200
31101
30500
33100
34100
34000
33600
34300
33400
44200
37600
44300
44301
43200
43201
43100
11200
11201
43402
19600
19200
19500
28400
22100
38800
36800
28700
32900
19601
36700
28600
34700
43500
36300
28501
28200
28100
43600
36200
37200
36102
35901
28500
42901
42900
19700
37400
36101
36000
36001
36600
36400
31300
43300
19800
35700
36500
28000
43800
27300
43700
20200
32700
32500
34500
34600
32600
33500
32400
19300
19400
11901
20300
40201
40801
40800
40900
21201
21801
39000
40100
39500
38900
39200
39400
39100
39101
24503
24502
24900
25100
21300
24601
24501
21901
22300
24002
22901
5401
5402
6001
23801
25200
24500
25300
20100
30700
21900
30501
32800
33000
33800
34400
35100
35101
10300
35600
36103
36900
10503
10502
37300
44600
37700
44100
37800
37500
38300
38400
41500
38500
38200
42100
38600
41300
38100
42300
40000
41200
42200
40400
39700
39600
38000
40700
40300
39201
40701
40501
40500
39102
40601
39300
39401
39800
39900
40200
40600
41000
41100
41400
41900
402
43301
43900
44302
702
128105
55100
53802
48502
48503
54900
54800
48300
48400
50201
51400
49101
51801
52902
51702
47602
49200
53600
55300
55503
55801
91400
65701
65700
83200
91800
82100
81700
65800
65900
65702
56202
56500
91700
83000
91401
82800
82600
78401
78400
78402
80500
79200
80501
81201
79500
81200
66505
66502
66603
66602
66600
61203
66500
66601
66503
61600
66504
66001
66003
57700
65904
59200
59202
66004
66002
56801
57004
66501
78403
66702
66704
66701
66905
66809
66803
66801
66703
66800
63100
66805
66806
63101
62401
66804
1801
63601
77404
119600
119604
119601
119602
119603
118601
120200
119605
67301
111700
92500
90900
89300
89000
89200
91000
89100
116901
116702